2147483647C
0 0
57905 1
1309 1
7264 1
6107 1
5329 1
6871 1
9921 1
6184 1
1610 1
4500 1
764540 1
4390 1
5142 1
5697 1
19227 1
22339 1
4258 1
4423 1
2439819 1
114035 1
4651 1
5631 1
4999 1
2734 1
3259 1
1905 1
7108 1
12769 1
2648 1
7313 1
1823143 1
8325 1
7977 1
1164104 1
9409657 1
6150 1
2840601 1
9940 1
10766202 1
682185 1
443640 1
399383 1
6236873 1
291078 1
183519 1
671690 1
5543 1
4412739 1
4726 1
673045 1
183244 1
290774 1
445014 1
4726 1
9415209 1
3105 1
5811555 1
6867 1
2556979 1
12218 1
6619 1
6908 1
2086 1
2254 1
6113 1
7218 1
7839 1
8281 1
5702 1
8627 1
9303 1
9049 1
5324 1
9794 1
8744 1
111226 1
8477 1
4706 1
10152 1
6175 1
12315 1
12474 1
6385 1
5345 1
36717 1
10381 1
8495 1
9568 1
8366 1
11067 1
4439 1
13478 1
13936 1
9539 1
4095 1
48618 1
11399 1
-49691 -1
10229 1
9574 1
12329 1
12513 1
2655 1
103316 1
458921 1
2240869 1
12223 1
143572 1
6757 1
4074163 1
12760 1
13916 1
34319 1
7510 1
5093 1
9734 1
6810 1
5982 1
6822 1
4818 1
35186 1
36740 1
9518 1
5168 1
3941 1
5158 1
3768 1
7311 1
39485 1
15939 1
7103 1
18155 1
39781 1
13402 1
11434 1
8094 1
5486 1
5876 1
8305 1
6165 1
6281 1
6167 1
6179 1
8639 1
6910 1
6179 1
-6307 -1
18613 3
-19000 -3
6866 1
5820 1
6893 1
6883 1
5764 1
-21940898 -32
-20730210 -32
-7045765 -32
-7000 -1
2795 1
4008 1
71255 1
4534 1
41549 1
299757 1
4807 1
5791 1
6298 1
43786 1
5784 1
7800 1
363130 1
6792153 1
5218 1
5174 1
6295 1
6535 1
5893 1
5809 1
6057 1
6057 1
6053 1
6051 1
8299 1
9371668 1
6163 1
6143 1
6163 1
6162 1
4136 1
8916 1
8209 1
4170 1
1126 1
1126 1
1126 1
73107 1
9139 1
24650 1
23611 1
5696 1
5720 1
11266 1
6130 1
6138 1
6130 1
6155 1
7975 1
7197 1
5777 1
5831 1
8724 1
13380 1
27673 1
24165 1
9468 1
22254427 1
24165 1
-24511 -1
23411291 1
27658411 1
5844 1
5878 1
133389 1
7497 1
23275 1
5380 1
21858 1
21858 1
-22184 -1
23275 1
-23619 -1
9339 1
7810 1
8852 1
12057 1
12224 1
12222 1
12224 1
12335 1
7331903 1
-7427184 -1
6760 1
3972 1
11075 1
5184 1
9900 1
11040 1
12292 1
7608 1
13095 1
117543 1
117577 1
7429 1
58467 6
-59906 -6
6691 1
7099 1
14405 1
15646 1
8165 1
6775 1
7501 1
11760 1
9127 1
11759 1
11760 1
9071 1
6223 1
6856 1
8700 1
